## 도메인별 단일 정답 ##
p60_c: 0.2
p60_e: 0.3016759776536313
p60_h: 0.2611111111111111
p60_i: 0.30456852791878175
p60_m: 0.25
p60_s: 0.26842105263157895
p60_t: 0.2722222222222222

## 도메인별 2개 정답 ##
p30_c: 0.6888888888888889
p30_e: 0.5555555555555556
p30_h: 0.5777777777777777
p30_i: 0.63
p30_m: 0.6938775510204082
p30_s: 0.6210526315789474
p30_t: 0.6444444444444445

## 도메인별 3개 정답 ##
p10_c: 0.5333333333333333
p10_e: 0.5333333333333333
p10_h: 0.23333333333333334
p10_i: 0.59375
p10_m: 0.5806451612903226
p10_s: 0.6875
p10_t: 0.7333333333333333

## 도메인별 환각 선택 유형 점수##
hs_c: 0.34
hs_e: 0.4066666666666667
hs_h: 0.36
hs_i: 0.4303030303030303
hs_m: 0.4506172839506173
hs_s: 0.4177215189873418
hs_t: 0.47333333333333333

## 도메인별 사실 선택 유형 점수##
ts_c: 0.42
ts_e: 0.3959731543624161
ts_h: 0.3466666666666667
ts_i: 0.4329268292682927
ts_m: 0.3803680981595092
ts_s: 0.41509433962264153
ts_t: 0.38666666666666666

## 환각/사실 유형에 따른 Type-K 점수 ##
p60_halu: 0.3098159509202454
p60_true: 0.22153846153846155
p30_halu: 0.5920245398773006
p30_true: 0.6697247706422018
p10_halu: 0.48598130841121495
p10_true: 0.6296296296296297

## Type-K 점수##
p60: 0.26574500768049153
p30: 0.6309341500765697
p10: 0.5581395348837209

## 환각 및 사실 점수 ##
hs: 0.4119815668202765
ts: 0.3972350230414747

## 도메인별 점수 ##
c: 0.38
e: 0.4013377926421405
h: 0.35333333333333333
i: 0.4316109422492401
m: 0.4153846153846154
s: 0.416403785488959
t: 0.43

## 전체 점수 ##
total: 0.4046082949308756
