## 도메인별 단일 정답 ##
p60_c: 0.6555555555555556
p60_e: 0.664804469273743
p60_h: 0.6444444444444445
p60_i: 0.6852791878172588
p60_m: 0.673469387755102
p60_s: 0.7
p60_t: 0.6888888888888889

## 도메인별 2개 정답 ##
p30_c: 0.9777777777777777
p30_e: 0.8888888888888888
p30_h: 0.9333333333333333
p30_i: 0.96
p30_m: 0.9795918367346939
p30_s: 0.9263157894736842
p30_t: 0.9666666666666667

## 도메인별 3개 정답 ##
p10_c: 1.0
p10_e: 1.0
p10_h: 0.9666666666666667
p10_i: 1.0
p10_m: 0.967741935483871
p10_s: 0.96875
p10_t: 0.9666666666666667

## 도메인별 환각 선택 유형 점수##
hs_c: 0.7533333333333333
hs_e: 0.7533333333333333
hs_h: 0.6933333333333334
hs_i: 0.7878787878787878
hs_m: 0.7777777777777778
hs_s: 0.7658227848101266
hs_t: 0.78

## 도메인별 사실 선택 유형 점수##
ts_c: 0.82
ts_e: 0.7785234899328859
ts_h: 0.8333333333333334
ts_i: 0.8109756097560976
ts_m: 0.8098159509202454
ts_s: 0.8238993710691824
ts_t: 0.82

## 환각/사실 유형에 따른 Type-K 점수 ##
p60_halu: 0.6288343558282209
p60_true: 0.7184615384615385
p30_halu: 0.9478527607361963
p30_true: 0.9480122324159022
p10_halu: 0.9813084112149533
p10_true: 0.9814814814814815

## Type-K 점수##
p60: 0.67357910906298
p30: 0.9479326186830015
p10: 0.9813953488372092

## 환각 및 사실 점수 ##
hs: 0.759447004608295
ts: 0.8138248847926267

## 도메인별 점수 ##
c: 0.7866666666666666
e: 0.7658862876254181
h: 0.7633333333333333
i: 0.7993920972644377
m: 0.7938461538461539
s: 0.7949526813880127
t: 0.8

## 전체 점수 ##
total: 0.7866359447004608
